MESH : 0 
NMSE: 0.838724 
NMAE: 0.405642 
COSINE SIMILARITY: 0.421022 
MRE: 6.823812 
