MESH : 0 
NMSE: 1.309491 
NMAE: 0.521570 
COSINE SIMILARITY: 0.521846 
MRE: 8.168558 
