MESH : 0 
NMSE: 1.134072 
NMAE: 0.537806 
COSINE SIMILARITY: 0.494683 
MRE: 5.473080 
