MESH : 0 
NMSE: 0.855788 
NMAE: 0.685172 
COSINE SIMILARITY: 0.405182 
MRE: 11.440395 
